0.03
0.53
2.03
2.53
3.53
3.78
4.03
4.53
5.03
8.03
8.53
10.03
10.53
11.53
11.78
12.03
12.53
13.03
14.03
15.03
16.03
16.53
18.03
18.53
19.53
19.78
20.03
20.53
21.03
23.53
23.78
24.03
24.53
25.03
26.03
26.53
27.03
27.53
28.03
28.28
28.53
28.78
29.03
30.03
30.53
32.03
32.53
34.03
34.53
35.53
35.78
36.03
36.53
37.03
40.03
40.53
42.03
42.53
43.53
43.78
44.03
44.53
45.03
48.03
48.53
49.03
50.03
50.53
51.03
52.03
52.53
53.03
54.03
56.03
56.53
58.03
58.53
59.53
59.78
60.03
60.53
61.03
64.03
64.53
66.03
66.53
67.53
67.78
68.03
68.53
69.03
72.03
72.53
74.03
74.53
75.53
75.78
76.03
76.53
77.03
80.03
80.53
81.03
82.03
82.53
83.03
84.03
84.53
85.03
86.03
88.03
88.53
90.03
90.53
91.53
91.78
92.03
92.53
93.03
96.03
96.53
98.03
98.53
99.53
99.78
100.03
100.53
101.03
104.03
104.53
106.03
106.53
107.53
107.78
108.03
108.53
109.03
110.28
110.78
112.03
112.53
114.03
114.53
115.53
115.78
116.03
116.53
117.03
119.03
119.53
119.78
120.03
120.53
121.03
122.03
122.53
123.03
123.53
124.03
124.28
124.53
124.78
125.03
126.03
126.53
