0.02
0.1
0.18
0.52
0.6
0.69
1.02
1.1
1.19
1.52
1.6
1.69
2.02
2.1
2.19
2.52
2.6
2.68
3.02
3.1
3.19
3.52
3.6
3.69
4.02
4.27
4.35
4.52
4.69
4.85
4.94
5.02
5.18
5.27
5.43
5.69
5.85
6.02
6.1
6.27
6.43
6.52
6.68
6.94
7.02
7.19
7.44
7.52
7.69
8.02
8.19
8.27
8.44
8.69
8.77
8.94
9.02
9.18
9.27
9.44
9.69
9.77
9.94
10.02
10.19
10.43
10.52
10.69
10.94
11.02
11.1
11.19
11.27
11.44
11.94
12.19
12.27
12.44
12.69
12.77
12.93
13.02
13.18
13.27
13.44
13.69
13.77
13.94
14.02
14.18
14.35
14.43
14.6
14.94
15.02
15.1
15.35
15.43
15.6
15.94
16.1
16.19
16.35
16.6
16.69
16.85
17.02
17.1
17.27
17.35
17.69
17.77
17.94
18.18
18.27
18.44
18.6
18.69
18.85
18.94
19.1
19.19
19.35
19.94
20.19
20.35
20.6
20.77
21.02
21.19
21.35
21.6
21.85
22.1
22.35
22.6
22.77
23.02
23.18
23.35
23.6
23.85
24.1
24.35
24.6
24.77
25.02
25.19
25.35
25.6
25.85
26.1
26.35
26.6
26.77
27.02
27.18
27.35
27.6
27.85
28.1
28.35
28.6
28.85
29.1
29.35
29.6
29.85
30.1
30.35
30.6
30.85
31.1
31.35
31.6
31.85
32.1
32.35
32.6
32.85
33.1
33.35
33.6
33.85
34.1
34.35
34.6
34.85
35.1
35.35
35.6
35.85
36.02
36.1
36.27
36.52
36.6
36.77
36.85
37.02
37.1
37.27
37.52
37.6
37.77
37.85
38.02
38.27
38.35
38.52
38.77
38.85
39.02
39.27
39.35
39.52
39.77
39.93
40.02
40.19
40.44
40.6
40.69
40.85
40.94
41.1
41.18
41.43
41.6
41.77
41.85
41.94
42.19
42.27
42.43
42.68
42.77
42.85
42.94
43.02
43.27
43.68
43.93
44.02
44.19
44.44
44.52
44.69
44.77
44.93
45.02
45.18
45.44
45.52
45.69
45.77
45.94
46.19
46.27
46.43
46.69
46.77
46.94
47.19
47.27
47.44
47.68
47.94
48.02
48.19
48.44
48.52
48.69
48.77
48.93
49.02
49.19
49.44
49.52
49.69
49.94
50.02
50.18
50.44
50.52
50.69
50.77
50.94
51.02
51.19
51.94
52.44
52.68
52.77
52.93
53.02
53.19
53.27
53.93
54.35
54.69
54.94
55.19
55.27
55.43
55.52
55.85
56.35
56.68
56.77
56.85
56.94
57.1
57.19
57.35
57.52
57.85
58.35
58.6
58.85
59.1
59.27
59.35
59.52
59.94
60.35
60.6
60.68
60.85
60.94
61.1
61.19
61.35
61.44
61.85
62.27
62.6
62.85
62.93
63.1
63.18
63.35
63.44
63.85
64.27
64.6
64.69
64.85
64.94
65.1
65.19
65.35
65.44
65.85
66.27
66.6
66.85
67.1
67.19
67.35
67.44
67.6
67.85
67.94
68.1
68.35
68.44
68.6
68.69
68.77
68.85
69.02
69.27
69.35
69.52
69.6
69.77
70.02
70.1
70.27
70.52
70.6
70.77
71.02
71.1
71.27
71.52
71.77
71.85
72.02
72.27
72.35
72.52
72.6
72.77
72.85
73.02
73.27
73.35
73.52
73.6
73.77
74.02
74.1
74.27
74.52
74.6
74.68
74.77
74.85
75.02
75.52
75.77
75.85
76.02
76.27
76.35
76.52
76.6
76.69
76.85
77.02
77.27
77.35
77.52
77.6
77.69
77.94
78.02
78.19
78.43
78.52
78.69
78.94
79.02
79.19
79.44
79.68
79.77
79.93
80.19
80.27
80.44
80.52
80.69
80.77
80.93
81.18
81.27
81.44
81.69
81.77
81.94
82.18
82.27
82.43
82.52
82.69
82.77
82.94
