0.03
1.03
2.03
4.03
4.53
5.03
7.03
7.53
8.03
9.03
10.03
11.03
12.03
13.03
14.03
15.03
16.03
17.03
18.03
19.03
20.03
20.53
21.03
22.03
23.03
23.53
24.03
24.53
25.03
26.03
27.03
28.03
28.53
30.03
30.53
32.03
33.03
34.03
35.03
36.03
37.03
38.03
39.03
40.03
41.03
42.03
43.03
44.03
45.03
46.03
46.78
47.03
47.53
48.03
49.03
50.03
51.03
52.03
53.03
54.03
55.03
56.03
57.03
58.03
59.03
60.03
61.03
62.03
63.03
64.03
65.03
66.03
67.03
67.53
68.03
68.53
69.03
70.03
71.03
72.03
73.03
74.03
75.03
76.03
77.03
78.03
79.03
80.03
81.03
82.03
83.03
83.53
84.03
84.53
85.03
86.03
87.03
88.03
89.03
90.03
90.78
91.03
91.53
92.03
92.53
93.03
93.53
95.03
96.03
97.03
98.03
99.03
99.53
100.03
100.53
101.03
101.78
103.03
104.03
105.03
106.03
107.03
108.03
109.03
110.03
111.03
111.78
113.03
114.03
115.03
116.03
117.03
118.03
119.03
120.03
121.03
122.03
123.03
124.03
125.03
126.03
127.03
