1.0
1.25
1.5
1.75
2.0
2.5
3.0
3.5
3.75
4.25
4.5
5.0
6.0
7.0
8.0
9.0
9.25
9.5
9.75
10.0
10.5
11.0
11.5
11.75
12.25
12.5
13.0
14.0
15.0
16.0
17.0
17.25
17.5
17.75
18.0
18.5
19.0
19.5
19.75
20.25
20.5
21.0
22.0
23.0
24.0
25.0
25.25
25.5
26.0
26.25
27.0
27.25
27.5
28.0
28.25
28.5
28.75
29.0
30.0
31.0
33.0
34.0
35.0
36.0
37.0
38.0
39.0
39.5
39.75
40.0
40.25
41.0
42.0
43.0
44.0
45.0
46.0
47.0
48.0
48.25
48.5
48.75
49.0
49.5
50.0
50.25
51.0
51.5
52.0
52.25
52.75
53.0
53.5
54.0
54.5
54.75
56.25
56.5
56.75
57.0
57.5
58.0
58.25
59.0
59.5
60.0
60.25
60.75
61.0
61.5
62.0
62.5
62.75
64.0
64.25
64.5
64.75
65.0
65.5
66.0
66.25
66.75
67.5
68.0
68.25
68.75
69.0
69.5
70.0
70.5
70.75
72.25
72.5
72.75
73.0
73.5
74.0
74.5
75.0
75.25
75.5
76.0
76.5
77.0
81.0
81.25
81.5
81.75
82.0
82.5
83.0
83.5
83.75
84.25
84.5
85.0
86.0
87.0
88.0
89.0
89.25
89.5
89.75
90.0
90.5
91.0
91.5
91.75
92.25
92.5
93.0
94.0
95.0
96.0
97.0
97.25
97.5
97.75
98.0
98.5
99.0
99.5
99.75
100.25
100.5
101.0
102.0
103.0
104.0
105.0
105.25
105.5
106.0
106.25
106.75
107.25
107.5
108.0
108.25
108.5
108.75
109.0
110.0
111.0
112.5
113.0
114.0
115.0
116.0
117.0
118.0
119.0
119.5
119.75
120.0
120.25
121.0
122.0
123.0
124.0
125.0
126.0
127.0
128.0
128.25
128.5
128.75
129.0
129.5
130.0
130.25
131.0
131.5
132.0
132.25
132.75
133.0
133.5
134.0
134.5
134.75
136.25
136.5
136.75
137.0
137.5
138.0
138.25
138.75
139.5
140.0
140.25
140.75
141.0
141.5
142.0
142.5
142.75
144.0
144.25
144.5
144.75
145.0
145.5
146.0
146.25
147.0
147.5
148.0
148.25
148.75
149.0
149.5
150.0
150.5
150.75
152.25
152.5
152.75
153.0
153.5
154.0
154.5
154.75
155.25
155.5
156.0
156.5
157.0
