0.03
1.53
2.03
3.53
4.03
5.53
6.03
6.53
7.03
8.03
9.53
10.03
11.53
12.03
13.53
14.03
14.53
15.03
16.03
17.53
18.03
19.53
20.03
20.53
21.03
21.53
22.03
22.53
23.03
24.03
25.53
26.03
27.53
28.03
28.53
29.03
30.03
30.53
31.03
32.03
33.53
34.03
35.53
36.03
36.53
37.03
37.53
38.03
38.53
39.03
40.03
41.53
42.03
43.53
44.03
44.53
45.03
45.53
46.03
46.53
47.03
48.03
49.53
50.03
51.53
52.03
52.53
53.03
53.53
54.03
54.53
55.03
56.03
57.53
58.03
59.53
60.03
60.53
61.03
61.53
62.03
62.53
63.03
64.03
65.53
66.03
67.53
68.03
68.53
69.03
69.53
70.03
70.53
71.03
72.03
73.53
74.03
75.53
76.03
76.53
77.03
77.53
78.03
78.53
79.03
80.03
80.53
81.03
81.53
82.03
83.03
83.53
92.03
92.53
96.03
96.53
97.03
97.53
98.03
99.03
99.53
108.03
109.53
110.03
111.03
112.03
112.53
113.03
113.53
114.03
114.53
115.03
116.03
117.53
118.03
119.03
120.03
120.53
121.03
121.53
122.03
122.53
123.03
124.03
124.53
125.03
125.53
126.03
126.53
127.03
127.53
128.03
128.53
129.03
129.53
130.03
130.53
131.03
131.53
132.03
132.53
133.03
133.53
134.03
134.53
135.03
135.53
136.03
136.53
137.03
137.53
138.03
138.53
139.03
140.03
140.53
141.03
141.53
142.03
142.53
143.03
143.53
144.03
144.53
145.03
145.53
146.03
146.53
147.03
147.53
148.03
148.53
149.03
149.53
150.03
150.53
151.03
151.53
152.03
152.53
153.03
153.53
154.03
154.53
155.03
156.03
157.03
158.03
159.03
159.53
160.03
161.03
162.03
163.03
164.03
165.03
166.03
167.03
167.53
168.03
169.03
170.03
