0.02
0.27
0.52
0.77
1.27
1.77
2.02
2.27
2.52
2.77
3.27
3.77
4.02
4.27
4.52
4.77
5.27
5.77
6.02
6.27
6.52
6.77
7.27
7.77
8.27
8.52
8.77
9.02
9.27
9.52
9.77
10.27
10.52
10.77
11.02
11.27
11.52
11.77
12.02
12.27
12.52
12.77
13.27
13.77
14.02
14.27
14.52
14.77
15.27
15.77
16.27
16.52
16.77
17.02
17.27
17.52
17.77
18.27
18.52
18.77
19.02
19.27
19.52
19.77
20.02
20.27
20.52
20.77
21.27
21.77
22.02
22.27
22.52
22.77
23.27
23.77
24.27
24.52
24.77
25.02
25.27
25.77
26.27
26.77
27.27
27.52
28.27
28.52
28.77
29.02
29.27
29.77
32.27
32.52
32.77
33.02
33.27
33.52
34.27
34.52
34.77
35.02
35.27
35.52
35.77
40.27
40.52
40.77
41.02
41.27
41.52
41.77
42.27
42.52
42.77
43.02
43.27
43.52
43.77
44.02
44.27
44.52
44.77
45.27
45.77
46.02
46.27
46.52
46.77
47.27
47.77
48.27
48.52
48.77
49.02
49.27
49.52
49.77
50.27
50.52
50.77
51.02
51.27
51.52
51.77
52.02
52.27
52.52
52.77
53.27
53.77
54.02
54.27
54.52
54.77
55.27
55.77
56.27
56.52
56.77
57.02
57.27
57.77
58.27
58.77
60.27
60.52
60.77
61.02
61.27
61.77
64.27
64.52
64.77
65.02
66.27
66.52
66.77
67.02
67.27
67.52
67.77
