0.02
2.02
4.02
6.02
8.02
8.27
8.52
8.77
9.02
9.52
9.77
10.02
10.52
11.02
12.27
12.52
12.77
13.02
13.52
13.77
14.02
14.52
15.02
16.27
16.52
16.77
17.02
17.52
17.77
18.02
18.52
19.02
20.27
20.52
20.77
21.02
21.52
21.77
22.02
22.52
23.02
24.02
24.52
25.02
26.02
26.52
27.02
27.27
27.52
27.77
32.27
32.52
32.77
33.02
33.77
34.02
34.52
35.02
36.27
36.52
36.77
37.02
37.77
38.02
38.52
39.02
40.27
40.52
40.77
41.02
41.77
42.02
42.52
43.02
44.27
44.52
44.77
45.02
45.77
46.02
46.52
47.02
48.02
48.52
49.02
50.02
50.52
51.02
51.27
51.52
51.77
55.52
55.77
56.02
56.52
57.02
57.52
58.02
58.77
59.27
59.52
59.77
60.02
60.52
61.02
61.52
62.02
62.77
63.27
63.52
63.77
64.02
64.52
65.02
65.52
66.02
66.77
67.27
67.52
67.77
68.02
71.02
71.52
71.77
72.02
72.52
73.02
73.52
74.02
74.77
75.27
75.52
75.77
76.02
76.52
77.02
77.52
78.02
78.77
79.27
79.52
79.77
80.02
80.52
81.02
81.52
82.02
83.02
84.02
